1000.054              0.018            175.574
1122.057              0.014            175.332
1258.962              0.008            174.883
1412.630              0.000            174.263
1584.925             -0.037            173.566
1778.267             -0.009            172.783
1995.265             -0.044            171.847
2238.713             -0.074            170.803
2511.963             -0.091            169.505
2818.368             -0.114            168.546
3162.213             -0.188            166.947
3548.153             -0.264            166.083
3981.031             -0.330            163.923
4466.809             -0.417            162.891
5011.819             -0.546            160.938
5623.326             -0.676            157.858
6309.524             -0.813            155.631
7079.542             -1.039            152.886
7943.250             -1.221            152.247
8912.571             -1.414            147.686
9999.983             -1.727            144.866
11220.202             -2.076            141.492
12589.246             -2.479            138.445
14125.369             -2.942            135.103
15848.875             -3.462            132.185
17782.860             -4.036            128.472
19952.655             -4.673            125.641
22387.132             -5.329            122.645
25118.887             -6.048            119.855
28183.870             -6.810            116.873
31622.685             -7.622            114.075
35481.341             -8.432            111.877
39810.687             -9.309            109.167
44668.280            -10.208            106.646
50118.752            -11.152            104.911
56234.188            -12.082            103.344
63095.801            -13.046            102.213
70794.486            -13.969            100.438
79432.875            -14.916             99.153
89125.149            -15.883             98.229
100000.016            -16.815             97.096
112201.832            -17.745             96.222
125892.460            -18.704             94.865
141253.695            -19.653             93.896
158489.309            -20.636             92.948
177827.850            -21.571             92.034
199526.176            -22.462             91.206
223872.066            -23.410             90.192
251188.688            -24.322             89.201
281838.328            -25.131             88.310
316227.786            -26.003             87.248
354813.412            -26.893             86.360
398107.246            -27.551             85.081
446683.541            -28.295             84.172
501187.146            -29.141             82.975
562341.325            -29.756             81.583
630957.261            -30.387             80.273
707945.786            -30.876             78.854
794328.190            -31.234             77.725
891250.931            -31.475             75.997
999999.978            -31.529             74.208
1122018.509            -31.462             72.344
1258925.349            -31.447             70.383
1412537.508            -31.248             68.106
1584893.279            -30.967             65.561
1778279.431            -30.488             62.044
1995262.317            -29.846             58.266
2238721.214            -29.157             52.983
2511886.507            -28.578             47.082
2818382.904            -28.060             39.764
3162277.676            -27.741             31.356
3548133.932            -27.755             23.020
3981071.711            -27.902             14.553
4466835.968            -28.522              7.761
